0 0.26875 0.3328125 0.3984375 0.29375
0 0.08515625 0.896875 0.1359375 0.1828125
0 0.25703125 0.88515625 0.153125 0.171875
0 0.4328125 0.8625 0.146875 0.1390625
0 0.74609375 0.26171875 0.453125 0.396875
0 0.778125 0.82265625 0.309375 0.2890625
0 0.9390625 0.8109375 0.121875 0.253125
0 0.5703125 0.84140625 0.109375 0.196875
1 0.26015625 0.2296875 0.253125 0.4125
1 0.73046875 0.209375 0.2640625 0.41875
1 0.07890625 0.8125 0.078125 0.253125
1 0.25390625 0.803125 0.0984375 0.228125
1 0.42890625 0.80703125 0.08125 0.2078125
1 0.75546875 0.7015625 0.175 0.38125
1 0.971875 0.66640625 0.05625 0.3109375