0 0.2875 0.309375 0.40625 0.30625
0 0.05859375 0.8515625 0.1171875 0.1875
0 0.21796875 0.8578125 0.159375 0.1765625
0 0.3953125 0.85390625 0.1515625 0.14375
0 0.76796875 0.28828125 0.4640625 0.4109375
0 0.74296875 0.85 0.3171875 0.2984375
0 0.91015625 0.85625 0.140625 0.2578125
0 0.534375 0.846875 0.115625 0.2
1 0.28984375 0.2078125 0.2671875 0.415625
1 0.76015625 0.23359375 0.278125 0.4296875
1 0.0484375 0.76640625 0.0859375 0.25625
1 0.22421875 0.77578125 0.1046875 0.23125
1 0.396875 0.7984375 0.0890625 0.209375
1 0.7328125 0.72734375 0.1890625 0.3875
1 0.95703125 0.715625 0.078125 0.3125